ns	Zqq^s	err(Zqq^s)	Zqg	err(Zqg)	Zgq	err(Zgq)	Zgg	err(Zgg)
0	1.1630306809791433	0.0007659735109401518	0.03871804332141497	0.00960407561547755	0.08110078513486892	0.03282492536388154	1.919278591529945	0.28283854892914184
1	1.1614275469285578	0.00027939461004931784	0.019673861104080897	0.004141807549818087	0.0016325998495446722	0.012819298756202302	0.975246919028988	0.07931002485136175
2	1.160999870539007	0.0002001471219989153	0.014597728681468735	0.002882668549744369	-0.019567482702056674	0.007626664045584676	0.7236199982139532	0.039278156443795884
3	1.1609990658075733	0.00018084408343441196	0.013261613853089839	0.0025516485261145743	-0.019607310622829974	0.005918278515024175	0.657388026975818	0.027676085213365717
4	1.1611735873948263	0.000165560339182404	0.013240500672177382	0.002517576421532491	-0.010956115467659093	0.005313468241853511	0.6563415297857566	0.023516682433487222
5	1.1614224564122475	0.0001596366154941433	0.013691095080315022	0.0025877662422750824	0.0013805243298533958	0.005120713908416635	0.6786778810884541	0.021859098713859944
6	1.161695742192405	0.00016920198841933364	0.014269967545748562	0.0026875915922626253	0.01492751630962865	0.0050875178371610486	0.707373054308592	0.021098574856672686
7	1.1619670992841973	0.00019186871690398427	0.014834757510588489	0.0027868660255257246	0.028378899822662396	0.005105590485434255	0.7353701414603943	0.020629478279354383
8	1.1622229365846484	0.0002213426301023382	0.015330107616134259	0.002873983093258212	0.04106095482064764	0.005125543653845809	0.7599250404452927	0.020209610639563537
9	1.1624577358461008	0.0002527748399150001	0.01574229523935622	0.0029460011494015733	0.052700137953236414	0.005128270734272342	0.7803575112672981	0.019755735137602183
10	1.1626704111848778	0.0002835873127540242	0.016076506750149558	0.003003813567261751	0.06324262121699438	0.005109735372141486	0.7969246461132667	0.019254786621248153
11	1.1628623084451544	0.00031269260991798433	0.01634451602932638	0.0030496060490650817	0.07275511915169877	0.005072503334559917	0.8102100850852988	0.018719075868600863
12	1.1630356627033016	0.00033975320953512963	0.016559323203568524	0.0030857998072944546	0.08134842620228344	0.005021259635314517	0.8208582543098372	0.01816741728825518
13	1.163192869046901	0.00036477140020065474	0.016732410619122284	0.0031145242703174226	0.08914126869592372	0.004960556443284449	0.8294383424486376	0.017616129169557623
14	1.1633361580317263	0.0003878892429520357	0.0168730473603466	0.0031374898532984213	0.09624421698966977	0.004894054473150688	0.8364098251057202	0.017076684369028754
15	1.163467465036672	0.0004092906211215831	0.016988431019142505	0.0031560168531958254	0.10275320929160764	0.004824416901113071	0.8421294924356251	0.01655619079532587
16	1.1635884701200048	0.0004291691638878461	0.01708412636866241	0.0031711193857562516	0.10875152736926277	0.00475357678997546	0.8468731945323945	0.016058725351415913
17	1.1637005913385117	0.0004477054603472265	0.01716439655195846	0.00318356883644147	0.11430946537802286	0.004682856743057642	0.8508522586977455	0.015586170664189996
18	1.163805019823569	0.0004650607139750639	0.017232537747213922	0.0031939562557898784	0.11948606860960151	0.00461314355933539	0.8542300790575464	0.015139067859278882
19	1.1639027515167506	0.0004813754748857356	0.017291061713630394	0.0032027287569207485	0.12433070664963311	0.004545016565230748	0.8571311654853021	0.014717069146822883
20	1.1639946164903698	0.0004967702411033066	0.017341871513381027	0.003210222009688406	0.12888452681795656	0.00447883518235572	0.8596498542751649	0.01431923907335648
21	1.1640813139109318	0.0005113489918760131	0.017386467208941072	0.003216699716052292	0.13318218733205622	0.00441481489727117	0.8618605047067606	0.013944380929310312
22	1.1641634452737564	0.0005252033132828136	0.017426049524104967	0.0032223727708132195	0.1372535047720732	0.00435309044804801	0.8638226376016616	0.01359123592305188
23	1.1642415212062769	0.0005384118738913348	0.017461574248708242	0.003227407835516121	0.14112379132908778	0.004293723343034495	0.8655836322166287	0.013258494240089557
24	1.1643159802377132	0.0005510428733677781	0.017493796462716416	0.0032319352205198632	0.14481478523207228	0.004236724076187095	0.8671809184671331	0.01294485212393178
25	1.1643871938616634	0.0005631544007572545	0.017523315689840564	0.0032360573489996335	0.14834490170376644	0.00418206296215424	0.8686442152250402	0.01264904021492434
26	1.1644554819233652	0.0005747967858100047	0.017550606233856257	0.0032398543011873523	0.1517299957187648	0.004129681544731991	0.8699970341129045	0.01236983418224042
27	1.1645211156475535	0.0005860127855813459	0.017576037312732676	0.003243387542510629	0.15498351209595668	0.004079504441175475	0.8712576775676177	0.012106071468206444
28	1.1645843329326229	0.0005968401332636783	0.017599903874615883	0.003246705720156392	0.15811724364265978	0.0040314468433304395	0.8724407664110256	0.01185666269980923
29	1.164645327982966	0.000607309514442002	0.01762241873284458	0.003249843149638666	0.1611408172201403	0.003985406734837809	0.8735568499765386	0.01162057441460861
30	1.1647042744808556	0.0006174485240992462	0.017643752667446763	0.0032528269468410248	0.16406284239280713	0.003941278538333688	0.8746143939725894	0.011396835998783862
31	1.164761323281364	0.0006272810103956193	0.017664041647327315	0.0032556779336239687	0.16689079716401287	0.0038989563798792113	0.8756201384949848	0.011184550065134958
32	1.1648166099258213	0.00063682825181357	0.017683402618123314	0.0032584131914549543	0.16963140042496558	0.0038583369144060235	0.8765798806452297	0.010982882708035194
33	1.1648702531039814	0.0006461088068845154	0.017701933222491605	0.0032610465909952814	0.17229053572150466	0.0038193229035690768	0.8774984606606642	0.010791077470839912
34	1.164922360173164	0.00065513949470799	0.017719717647252983	0.0032635900012177362	0.1748735248419511	0.0037818233099785655	0.8783800517606111	0.010608443816527124
35	1.1649730292446112	0.0006639358504953843	0.017736829331216158	0.003266053976601984	0.1773852312388672	0.0037457592792036866	0.8792282943739276	0.010434371518023941
36	1.1650223469185121	0.0006725116106895413	0.017753324095047946	0.0032684461778630697	0.17982994775216488	0.0037110533202433	0.8800459555831851	0.01026829415639249
37	1.1650703927823478	0.0006808795595037761	0.017769251591881353	0.0032707735936434446	0.18221161959595117	0.0036776333941101144	0.8808354967392701	0.010109696322570964
38	1.1651172334232693	0.0006890502815786935	0.017784639109122757	0.0032730391863799073	0.18453354754798199	0.0036454253645895663	0.8815982705069116	0.00995808567943947
39	1.1651629312385778	0.0006970336733557014	0.017799514743213785	0.0032752459648038817	0.18679882469251993	0.0036143622072169128	0.8823356696569481	0.009813013262524975
40	1.1652075394108885	0.000704837955472339	0.01781389338778269	0.003277394253566116	0.18901008733572663	0.0035843763725203707	0.8830484324890382	0.009674047957446053