ns	Zqq^s			err(Zqq^s)		Zqg			err(Zqg)		Zgq			err(Zgq)		Zgg			err(Zgg)
0	1.1354872051601204	0.0003095578880125239	0.037619724873364215	0.0028643320262840763	0.14251397582732467	0.011348868466668768	1.979759030533215	0.06312204669834331
1	1.1331629596217696	0.00011494561879726609	0.018619891260242785	0.0013034129874547353	0.02019928409656041	0.004546493169178597	0.9798822286034116	0.016551119665670057
2	1.1327375237511825	0.00008702604594361094	0.014358569538922906	0.000980425351863562	-0.0021895027242060205	0.0030546166934470502	0.7556278040890675	0.008975806025160621
3	1.1328503857354562	0.00008087782699378483	0.013469486286618126	0.0009096584473280133	0.0037499305495499423	0.002533518378790022	0.708839309904023	0.006865933880301625
4	1.133117358011943	0.00008170272155553049	0.013588210824438653	0.0009119719290301604	0.017799501842396717	0.002297856640781728	0.7150872635723939	0.0060505661871402315
5	1.133416715864498	0.00008818256048866719	0.013998138954912432	0.0009356658074095313	0.03355338103170299	0.0021684778165004842	0.7366599683682311	0.0056325310114090765
6	1.1337055777307932	0.00009795737252832039	0.014444792276374265	0.0009626125369596005	0.048754902426710156	0.002079453036624325	0.7601653560551602	0.00534452220067322
7	1.133969992601036	0.00010893287748301541	0.014843823711680516	0.0009868196816547872	0.06266988652130381	0.00200537511036017	0.7811646145106196	0.005101621610888711
8	1.1342075177910118	0.00011992915127295377	0.01517627574458556	0.0010069108076425628	0.07516978576846513	0.0019375265528537235	0.7986600938530823	0.004879237084515805
9	1.1344200771940327	0.00013043016705987636	0.015445993535046365	0.0010230979645357765	0.0863558461800135	0.0018736556015065801	0.8128541478335906	0.004671320988797862
10	1.1346106556150204	0.0001402503835698614	0.015663434339451072	0.0010360416165474259	0.0963851448254528	0.0018134671636851748	0.8242970955183369	0.00447671749591681
11	1.1347824583898478	0.00014936720353989929	0.01583937395956833	0.0010464286004088746	0.10542636433526933	0.0017570051153976563	0.8335560196019453	0.004294959133140071
12	1.1349382922007942	0.00015781907243097025	0.015982846339419064	0.001054835383960596	0.11362720796400884	0.0017042214328019682	0.8411063365245298	0.004125374327968063
13	1.1350805526292294	0.0001656678334897451	0.01610096703245085	0.00106171302993306	0.12111374454710737	0.0016549707621790622	0.847322506338381	0.003967186320167404
14	1.13521122469173	0.00017297866469491641	0.016199188144288577	0.0010674035735701273	0.12799043671489566	0.001609016609720747	0.8524914492144126	0.0038195667084392794
15	1.1353319271861249	0.0001798116461559723	0.016281652950056315	0.001072164085679663	0.13434247462799523	0.001566073809922186	0.8568312073770757	0.0036816630142288078
16	1.1354440233943537	0.0001862224258295274	0.016351574088553818	0.0010761926521587332	0.14024160177811468	0.001525844231149339	0.8605108477841755	0.003552692021882288
17	1.1355486374043628	0.0001922594469906927	0.016411421513342565	0.0010796402757991483	0.1457469739373561	0.0014880426836914207	0.8636603531597234	0.0034319093422969416
18	1.135646693451777	0.00019796376058293816	0.01646310212928396	0.001082621679921922	0.15090722953563993	0.0014524100090435492	0.8663800754704432	0.003318616295610623
19	1.135738963793017	0.00020337045352604788	0.01650810320955914	0.0010852247146595575	0.15576300901172252	0.0014187287091175942	0.8687482833275453	0.003212182704473293
20	1.1358260992205953	0.00020850965747618415	0.01654758860877733	0.0010875169949094226	0.1603485606966063	0.0013868085332123343	0.8708262252551137	0.0031120217633592
21	1.1359086373760143	0.0002134065365059873	0.016582475308941774	0.0010895511671344298	0.16469217828452629	0.001356481471298594	0.8726621579642738	0.0030175993443220393
22	1.1359870373904288	0.00021808286243017212	0.01661349168312047	0.00109136843315819	0.16881802381789904	0.001327594556083923	0.8742944125124521	0.002928423689485946
23	1.1360616940384025	0.00022255773157626025	0.016641235884832274	0.0010930027911614866	0.17274687253616444	0.0013000201096475623	0.8757544670769571	0.0028440754607801004
24	1.136132955605229	0.00022684829055170057	0.016666196428868265	0.0010944817466831593	0.17649705315434017	0.0012736482828803767	0.8770680300336634	0.002764169198824982
25	1.1362011228905304	0.00023096951947805468	0.01668877162300638	0.0010958275651054387	0.1800843954260914	0.0012483875771424526	0.8782560625620452	0.002688372360366645
26	1.1362664579864563	0.0002349345898898284	0.016709285570617023	0.0010970582361643612	0.18352269210253283	0.001224154628759571	0.8793356207914934	0.0026163857504110286
27	1.136329188673068	0.00023875502033673544	0.016728009452596077	0.0010981888095741587	0.1868239302406577	0.0012008769177794818	0.880320975775197	0.0025479497829151193
28	1.136389519024652	0.00024244121881092628	0.016745169888104792	0.0010992317403947331	0.18999884936856112	0.001178491996184265	0.8812240534792366	0.0024828306959612805
29	1.1364476252627589	0.0002460021412735815	0.016760957172075003	0.0011001973054440043	0.19305672324724513	0.0011569441156476475	0.8820548682861982	0.002420813677267325
30	1.136503667721142	0.00024944603415551854	0.01677553001922969	0.0011010939549309044	0.19600598953289078	0.00113618230662706	0.8828217726518457	0.0023616939388569447
31	1.1365577897353378	0.000252780307598996	0.016789023769370356	0.0011019288982456032	0.1988541913414687	0.0011161597398955836	0.8835318889128849	0.0023052855291324824
32	1.1366101205219792	0.0002560117461543885	0.01680155390324745	0.001102708371747686	0.20160812877294873	0.0010968357159353822	0.8841912943115626	0.0022514210941509305
33	1.1366607751446003	0.0002591464559756834	0.0168132184163709	0.0011034377249863865	0.20427385711241894	0.0010781719672137938	0.8848051459189445	0.0021999491516535743
34	1.1367098568307457	0.0002621900103994699	0.01682410333769216	0.001104121787922059	0.2068568087686841	0.0010601342013909483	0.8853779710586321	0.0021507314800821415
35	1.1367574592946244	0.00026514749405638025	0.01683428393353567	0.0011047648041140302	0.20936191550605499	0.0010426875473899487	0.8859137306646735	0.0021036392617461734
36	1.1368036686350567	0.0002680236130783705	0.01684382751832623	0.0011053705964513224	0.21179370832459582	0.0010258025142613441	0.8864159671977182	0.002058556089080058
37	1.136848563091545	0.00027082265537716334	0.016852791571008593	0.001105942411521284	0.21415630462298382	0.0010094509834488515	0.8868877055205904	0.002015375310980249
38	1.1368922151527148	0.0002735486211902962	0.016861226078904726	0.001106483088094881	0.21645351915697805	0.000993609450378729	0.8873315762450756	0.0019739986923770405
39	1.1369346900030697	0.00027620511120797687	0.01686917319386097	0.0011069949965112236	0.21868878229844302	0.0009782526336299755	0.8877497976365393	0.0019343291130026953
40	1.1369760482871976	0.00027879550049093047	0.016876672024513217	0.00110748035427989	0.2208652855038946	0.0009633598663262394	0.8881444278095975	0.0018962778979499289
